001;010;2014;11;0018827;00142914754
